# Author: Mosslander
# From: Town Pack

weight=50
embed_into_distance=0
acceptable_target_blocks=1,2,3,12,13
dimensions=6,9,9
allowable_overhang=0
max_cut_in=0
cut_in_buffer=0
max_leveling=5
leveling_buffer=0
preserve_water=0
preserve_lava=0
preserve_plants=0

rule1=0,100,4
rule2=0,100,64-7
rule3=0,100,89
rule4=0,100,53-2
rule5=0,100,53-3
rule6=0,100,44-2
rule7=0,100,64-3
rule8=0,70,61,58,54,54,58,HardMobSpawn
rule9=0,100,26-8
rule10=0,100,26-0
rule11=0,100,preserveBlock

layer
11,11,11,11,11,11,11,11,11
11,1,1,1,1,1,1,1,11
11,1,8,8,0,8,8,1,11
11,1,0,0,0,0,0,1,11
11,1,9,10,0,0,0,1,11
11,1,0,0,0,0,0,1,11
11,1,0,0,0,0,0,1,11
0,1,1,1,2,1,1,1,0
0,0,0,0,0,0,0,0,0
endlayer

layer
11,11,11,11,11,11,11,11,11
11,1,1,1,1,1,1,1,11
11,1,0,0,0,0,0,1,11
11,1,0,0,0,0,0,1,11
11,1,0,0,0,0,0,1,11
11,1,0,0,0,0,0,1,11
0,1,0,0,0,0,0,1,0
0,1,1,1,7,1,1,1,0
0,0,0,0,0,0,0,0,0
endlayer

layer
11,11,11,11,11,11,11,11,11
11,5,1,1,1,1,1,4,11
11,5,0,0,0,0,0,4,11
11,5,0,0,0,0,0,4,11
11,5,0,0,0,0,0,4,11
0,5,0,0,0,0,0,4,0
0,5,0,0,0,0,0,4,0
0,5,1,1,3,1,1,4,0
0,0,0,0,0,0,0,0,0
endlayer

layer
11,11,11,11,11,11,11,11,11
11,0,5,1,1,1,4,0,11
11,0,5,0,0,0,4,0,11
11,0,5,0,0,0,4,0,11
11,0,5,0,0,0,4,0,11
11,0,5,0,0,0,4,0,11
0,0,5,0,0,0,4,0,0
0,0,5,1,1,1,4,0,0
0,0,0,0,0,0,0,0,0
endlayer

layer
11,11,11,11,11,11,11,11,11
11,0,0,5,1,4,0,0,11
11,0,0,5,0,4,0,0,11
11,0,0,5,0,4,0,0,11
11,0,0,5,0,4,0,0,11
11,0,0,5,0,4,0,0,11
11,0,0,5,0,4,0,0,11
0,0,0,5,1,4,0,0,0
0,0,0,0,0,0,0,0,0
endlayer

layer
11,11,11,11,11,11,11,11,11
11,0,0,0,6,0,0,0,11
11,0,0,0,6,0,0,0,11
11,0,0,0,6,0,0,0,11
11,0,0,0,6,0,0,0,11
11,0,0,0,6,0,0,0,11
0,0,0,0,6,0,0,0,0
0,0,0,0,6,0,0,0,0
0,0,0,0,0,0,0,0,0
endlayer
