# Author: Mosslander
# From: Town Pack

weight=10
embed_into_distance=1
acceptable_target_blocks=1,2,3,12,13
dimensions=6,13,11
allowable_overhang=0
max_cut_in=6
cut_in_buffer=2
max_leveling=2
leveling_buffer=1
preserve_water=0
preserve_lava=0
preserve_plants=0

rule1=0,100,2
rule2=0,100,60
rule3=0,100,8
rule4=0,100,5
rule5=0,100,50
rule6=0,100,85
rule7=0,100,24
rule8=0,100,17
rule9=0,100,64-8
rule10=0,100,64
rule11=0,100,50-1
rule12=0,100,50-3
rule13=0,100,50-2
rule14=0,100,50-4

layer
1,1,1,1,1,1,1,1,1,1,1
1,1,1,1,7,7,7,1,1,1,1
1,1,1,1,7,7,7,1,1,1,1
1,1,1,1,7,7,7,1,1,1,1
1,1,1,1,7,7,7,1,1,1,1
1,1,1,1,7,7,7,1,1,1,1
1,1,1,1,7,7,7,1,1,1,1
1,1,1,1,7,7,7,1,1,1,1
1,1,1,1,7,7,7,1,1,1,1
1,1,1,1,7,7,7,1,1,1,1
1,7,7,7,7,7,7,7,7,7,1
1,7,7,7,7,7,7,7,7,7,1
1,1,1,1,7,6,7,1,1,1,1
endlayer

layer
8,8,8,8,8,8,8,8,8,8,8
8,0,0,0,6,0,6,0,0,0,8
8,0,0,0,6,0,6,0,0,0,8
8,4,4,4,0,0,0,4,4,4,8
8,0,0,0,6,0,6,0,0,0,8
8,0,0,0,6,0,6,0,0,0,8
8,4,4,4,0,0,0,4,4,4,8
8,0,0,0,6,0,6,0,0,0,8
8,0,0,0,6,0,6,0,0,0,8
8,4,4,4,0,0,0,4,4,4,8
8,0,0,0,0,0,0,0,0,0,8
8,0,0,0,0,0,0,0,0,0,8
8,8,8,8,10,0,10,8,8,8,8
endlayer

layer
8,8,8,8,8,8,8,8,8,8,8
8,0,0,0,0,0,0,0,0,0,8
8,0,0,0,0,0,0,0,0,0,8
8,6,6,4,0,0,0,4,6,6,8
8,0,0,0,0,0,0,0,0,0,8
8,0,0,0,0,0,0,0,0,0,8
8,6,6,4,0,0,0,4,6,6,8
8,0,0,0,0,0,0,0,0,0,8
8,0,0,0,0,0,0,0,0,0,8
8,6,6,4,0,0,0,4,6,6,8
8,0,0,0,0,0,0,0,0,0,8
8,0,0,0,0,0,0,0,0,0,8
8,8,8,8,9,0,9,8,8,8,8
endlayer

layer
8,8,8,8,8,8,8,8,8,8,8
8,0,0,4,0,11,0,4,0,0,8
8,14,0,4,0,0,0,4,0,12,8
8,0,0,4,14,0,12,4,0,0,8
8,0,0,4,0,0,0,4,0,0,8
8,14,0,4,0,0,0,4,0,12,8
8,0,0,4,14,0,12,4,0,0,8
8,0,0,4,0,0,0,4,0,0,8
8,14,0,4,0,0,0,4,0,12,8
8,0,0,4,0,0,0,4,0,0,8
8,0,0,0,0,0,0,0,0,0,8
8,0,13,0,0,0,0,0,13,0,8
8,8,8,8,6,6,6,8,8,8,8
endlayer

layer
8,8,8,8,8,8,8,8,8,8,8
8,0,0,0,0,0,0,0,0,0,8
8,0,0,0,0,0,0,0,0,0,8
8,0,0,0,0,0,0,0,0,0,8
8,0,0,0,0,0,0,0,0,0,8
8,0,0,0,0,0,0,0,0,0,8
8,0,0,0,0,0,0,0,0,0,8
8,0,0,0,0,0,0,0,0,0,8
8,0,0,0,0,0,0,0,0,0,8
8,0,0,0,0,0,0,0,0,0,8
8,0,0,0,0,0,0,0,0,0,8
8,0,0,0,0,0,0,0,0,0,8
8,8,8,8,8,8,8,8,8,8,8
endlayer

layer
4,4,4,4,4,4,4,4,4,4,4
4,4,4,4,4,4,4,4,4,4,4
4,4,4,4,4,4,4,4,4,4,4
4,4,4,4,4,4,4,4,4,4,4
4,4,4,4,4,4,4,4,4,4,4
4,4,4,4,4,4,4,4,4,4,4
4,4,4,4,4,4,4,4,4,4,4
4,4,4,4,4,4,4,4,4,4,4
4,4,4,4,4,4,4,4,4,4,4
4,4,4,4,4,4,4,4,4,4,4
4,4,4,4,4,4,4,4,4,4,4
4,4,4,4,4,4,4,4,4,4,4
4,4,4,4,4,4,4,4,4,4,4
endlayer
