# Author: Mosslander
# From: Town Pack

weight=10
embed_into_distance=1
acceptable_target_blocks=1,2,3,12,13
dimensions=4,11,11
allowable_overhang=0
max_cut_in=6
cut_in_buffer=1
max_leveling=2
leveling_buffer=0
preserve_water=0
preserve_lava=0
preserve_plants=0

rule1=0,100,4
rule2=0,100,60
rule3=0,100,9
rule4=0,100,59
rule5=0,100,50
rule6=0,100,54
rule7=0,100,58
rule8=0,100,85
rule9=0,100,17
rule10=0,100,5

layer
1,1,1,1,1,1,1,1,1,1,1
1,1,1,1,1,1,1,1,1,1,1
1,1,1,1,1,1,1,1,1,1,1
1,1,1,1,1,1,1,1,1,1,1
1,1,1,1,1,1,1,1,1,1,1
1,1,1,1,1,1,1,1,1,1,1
1,1,1,1,1,1,1,1,1,1,1
1,1,1,1,1,1,1,1,1,1,1
1,1,1,1,1,1,1,1,1,1,1
1,1,1,1,6,1,7,1,1,1,1
1,1,1,1,1,1,1,1,1,1,1
endlayer

layer
8,8,8,8,8,8,8,8,8,8,8
8,0,2,3,2,0,2,3,2,0,8
8,5,2,0,2,5,2,0,2,5,8
8,0,2,0,2,0,2,0,2,0,8
8,5,2,0,2,5,2,0,2,5,8
8,0,2,0,2,0,2,0,2,0,8
8,5,2,0,2,5,2,0,2,5,8
8,0,2,0,2,0,2,0,2,0,8
8,0,5,0,5,0,5,0,5,0,8
8,0,0,0,0,0,0,0,0,0,8
8,8,8,8,8,10,8,8,8,8,8
endlayer

layer
8,8,8,8,8,8,8,8,8,8,8
8,0,4,0,4,0,4,0,4,0,8
8,0,4,0,4,0,4,0,4,0,8
8,0,4,0,4,0,4,0,4,0,8
8,0,4,0,4,0,4,0,4,0,8
8,0,4,0,4,0,4,0,4,0,8
8,0,4,0,4,0,4,0,4,0,8
8,0,4,0,4,0,4,0,4,0,8
8,0,0,0,0,0,0,0,0,0,8
8,0,0,0,0,0,0,0,0,0,8
8,8,8,8,8,9,8,8,8,8,8
endlayer

layer
8,8,8,8,8,8,8,8,8,8,8
8,8,0,8,0,8,0,8,0,8,8
8,8,8,8,8,8,8,8,8,8,8
8,8,0,8,0,8,0,8,0,8,8
8,8,8,8,8,8,8,8,8,8,8
8,8,0,8,0,8,0,8,0,8,8
8,8,8,8,8,8,8,8,8,8,8
8,8,0,8,0,8,0,8,0,8,8
8,8,8,8,8,8,8,8,8,8,8
8,8,0,8,0,8,0,8,0,8,8
8,8,8,8,8,8,8,8,8,8,8
endlayer

