# Author: Mosslander
# From: Town pack

weight=40
embed_into_distance=1
acceptable_target_blocks=2,12,13
dimensions=11,18,18
allowable_overhang=0
max_cut_in=0
cut_in_buffer=0
max_leveling=0
leveling_buffer=0
preserve_water=0
preserve_lava=0
preserve_plants=0

rule1=0,100,1
rule2=0,100,44
rule3=0,100,17
rule4=0,100,20
rule5=0,100,53-2
rule6=0,100,43
rule7=0,100,35-3,35-9,35-3,35-11,35-8,35-7,35-7,35-8,35-9,35-9,35-11,35-8,35-8,35-7,89
rule8=0,100,61
rule9=0,100,58
rule10=0,100,61,HardMobSpawn,54,54,54
rule11=0,100,89
rule12=0,100,50
rule13=0,100,50
rule14=0,100,50
rule15=0,100,85
rule16=0,100,64-4
rule17=0,100,64-0
rule18=0,100,64-8
rule19=0,100,preserveBlock

layer
1,1,1,1,1,1,1,1,1,1,1,1,1,1,1,1,1,1
1,1,1,1,1,1,1,1,1,1,1,1,1,1,1,1,1,1
1,1,1,1,1,1,1,1,1,1,1,1,1,1,1,1,1,1
1,1,1,1,1,1,1,1,1,1,1,1,1,1,1,1,1,1
1,1,1,1,1,1,1,1,1,1,1,6,6,6,6,6,1,1
1,1,1,1,1,1,1,1,1,1,1,6,2,2,2,6,1,1
1,1,1,1,1,1,1,1,1,1,1,6,2,2,2,6,1,1
1,1,1,1,1,1,1,1,1,1,1,6,2,2,2,6,1,1
1,1,1,1,1,1,1,1,1,1,1,6,2,2,2,6,1,1
1,1,1,1,1,1,1,1,1,1,1,6,2,2,2,6,1,1
1,1,1,1,1,1,1,1,1,1,1,6,2,2,2,6,1,1
1,1,1,1,1,1,1,1,1,1,1,6,6,6,6,6,1,1
1,1,1,1,1,1,1,1,1,1,1,1,1,1,1,1,1,1
1,1,1,1,1,1,1,1,6,6,1,1,1,1,1,1,1,1
1,1,1,1,1,1,1,1,6,6,1,1,1,1,1,1,1,1
19,19,19,19,19,19,19,1,6,6,1,19,19,19,19,19,19,19
19,19,19,19,19,19,19,1,6,6,1,19,19,19,19,19,19,19
19,19,19,19,19,19,19,1,6,6,1,19,19,19,19,19,19,19
endlayer

layer
19,19,19,19,19,19,19,19,19,19,19,19,19,19,19,19,19,19
19,3,3,3,3,3,3,3,3,3,3,3,3,3,3,3,3,19
19,3,10,2,10,7,7,7,7,7,7,7,5,2,2,2,3,19
19,3,7,2,7,7,7,7,2,2,2,2,2,2,2,2,3,19
19,3,2,2,2,2,2,2,2,2,2,0,0,0,0,0,3,19
19,3,2,2,2,2,2,7,2,2,2,0,0,0,0,10,3,19
19,3,2,2,2,2,2,7,2,2,2,0,0,0,0,10,3,19
19,3,2,2,2,2,2,7,2,2,2,0,0,0,0,8,3,19
19,3,2,2,2,2,2,7,2,2,2,0,0,0,0,9,3,19
19,3,2,2,2,2,2,7,2,2,2,0,0,0,0,10,3,19
19,3,2,2,2,2,2,7,2,2,2,0,0,0,0,10,3,19
19,3,2,2,2,2,2,7,2,2,2,0,0,0,0,0,3,19
19,3,2,2,2,2,2,7,2,2,2,2,2,2,2,2,3,19
19,3,3,3,3,3,3,3,0,0,3,3,3,3,3,3,3,19
19,19,19,19,19,19,19,15,17,16,15,19,19,19,19,19,19,19
19,19,19,19,19,19,19,15,0,0,15,19,19,19,19,19,19,19
19,19,19,19,19,19,19,15,0,0,15,19,19,19,19,19,19,19
19,19,19,19,19,19,19,15,0,0,15,19,19,19,19,19,19,19
endlayer

layer
0,0,0,0,0,0,0,0,0,0,0,0,0,0,0,0,0,0
0,3,3,3,3,3,3,3,3,3,3,3,3,3,3,3,3,0
0,3,12,0,12,7,7,7,7,7,7,5,0,0,0,0,3,0
0,3,7,0,7,7,7,7,0,0,0,0,0,0,0,0,3,0
0,3,0,0,0,0,0,0,0,0,0,0,0,0,0,0,3,0
0,2,0,0,0,0,0,7,0,0,0,0,0,0,0,0,2,0
0,2,0,0,0,0,0,7,0,0,0,0,0,0,0,0,2,0
0,3,0,0,0,0,0,7,0,0,0,0,0,0,0,0,3,0
0,3,0,0,0,0,0,7,0,0,0,0,0,0,0,0,3,0
0,2,0,0,0,0,0,7,0,0,0,0,0,0,0,0,2,0
0,2,0,0,0,0,0,7,0,0,0,0,0,0,0,0,2,0
0,3,0,0,0,0,0,7,0,0,0,0,0,0,0,0,3,0
0,3,0,0,0,0,0,7,0,0,0,0,0,0,0,0,3,0
0,3,3,3,2,2,3,3,0,0,3,3,2,2,3,3,3,0
0,0,0,0,0,0,0,11,18,18,11,0,0,0,0,0,0,0
0,0,0,0,0,0,0,0,0,0,0,0,0,0,0,0,0,0
0,0,0,0,0,0,0,0,0,0,0,0,0,0,0,0,0,0
0,0,0,0,0,0,0,0,0,0,0,0,0,0,0,0,0,0
endlayer

layer
0,0,0,0,0,0,0,0,0,0,0,0,0,0,0,0,0,0
0,3,3,3,3,3,3,3,3,3,3,3,3,3,3,3,3,0
0,3,10,0,10,7,7,7,7,7,5,0,0,0,0,0,3,0
0,3,7,0,7,7,7,7,0,0,0,0,0,0,0,0,3,0
0,3,0,0,0,0,0,0,0,0,0,0,0,0,0,0,3,0
0,4,0,0,0,0,0,7,0,0,0,0,0,0,0,0,4,0
0,4,0,0,0,0,0,7,0,0,0,0,0,0,0,0,4,0
0,3,0,0,0,0,0,7,0,0,0,0,0,0,0,0,3,0
0,3,0,0,0,0,0,7,0,0,0,0,0,0,0,0,3,0
0,4,0,0,0,0,0,7,0,0,0,0,0,0,0,0,4,0
0,4,0,0,0,0,0,7,0,0,0,0,0,0,0,0,4,0
0,3,0,0,0,0,0,7,0,0,0,0,0,0,0,0,3,0
0,3,0,0,0,0,0,7,0,0,0,0,0,0,0,0,3,0
0,3,3,3,4,4,3,3,0,0,3,3,4,4,3,3,3,0
0,0,0,0,0,0,0,0,2,2,0,0,0,0,0,0,0,0
0,0,0,0,0,0,0,0,0,0,0,0,0,0,0,0,0,0
0,0,0,0,0,0,0,0,0,0,0,0,0,0,0,0,0,0
0,0,0,0,0,0,0,0,0,0,0,0,0,0,0,0,0,0
endlayer

layer
0,0,0,0,0,0,0,0,0,0,0,0,0,0,0,0,0,0
0,3,3,3,3,3,3,3,3,3,3,3,3,3,3,3,3,0
0,3,0,0,0,7,7,7,7,5,0,0,0,0,0,0,3,0
0,3,7,7,7,7,7,7,0,0,0,0,0,0,0,0,3,0
0,3,0,0,0,0,0,7,0,0,0,0,0,0,0,0,3,0
0,3,0,0,0,0,0,7,0,0,0,0,0,0,0,0,3,0
0,3,0,0,0,0,0,7,0,0,0,0,0,0,0,0,3,0
0,3,0,0,0,0,0,7,0,0,0,0,0,0,0,0,3,0
0,3,0,0,0,0,0,7,0,0,0,0,0,0,0,0,3,0
0,3,0,0,0,0,0,7,0,0,0,0,0,0,0,0,3,0
0,3,0,0,0,0,0,7,0,0,0,0,0,0,0,0,3,0
0,3,0,0,0,0,0,7,0,0,0,0,0,0,0,0,3,0
0,3,0,0,0,0,0,7,0,0,0,0,0,0,0,0,3,0
0,3,3,3,3,3,3,3,3,3,3,3,3,3,3,3,3,0
0,0,0,0,0,0,0,0,0,0,0,0,0,0,0,0,0,0
0,0,0,0,0,0,0,0,0,0,0,0,0,0,0,0,0,0
0,0,0,0,0,0,0,0,0,0,0,0,0,0,0,0,0,0
0,0,0,0,0,0,0,0,0,0,0,0,0,0,0,0,0,0
endlayer

layer
0,0,0,0,0,0,0,0,0,0,0,0,0,0,0,0,0,0
0,3,3,3,3,3,3,3,3,3,3,3,3,3,3,3,3,0
0,3,3,3,3,3,3,3,5,0,0,0,0,3,3,3,3,0
0,3,3,3,3,3,3,3,3,3,3,3,3,3,3,3,3,0
0,3,3,3,3,3,3,3,3,3,3,3,3,3,3,3,3,0
0,3,3,3,3,3,3,3,3,3,3,3,3,3,3,3,3,0
0,3,3,3,3,3,3,3,3,3,3,3,3,3,3,3,3,0
0,3,3,3,3,3,3,3,3,3,3,3,3,3,3,3,3,0
0,3,3,3,3,3,3,3,3,3,3,3,3,3,3,3,3,0
0,3,3,3,3,3,3,3,3,3,3,3,3,3,3,3,3,0
0,3,3,3,3,3,3,3,3,3,3,3,3,3,3,3,3,0
0,3,3,3,3,3,3,3,3,3,3,3,3,3,3,3,3,0
0,3,3,3,3,3,3,3,3,3,3,3,3,3,3,3,3,0
0,3,3,3,3,3,3,3,3,3,3,3,3,3,3,3,3,0
0,0,0,0,0,0,0,0,0,0,0,0,0,0,0,0,0,0
0,0,0,0,0,0,0,0,0,0,0,0,0,0,0,0,0,0
0,0,0,0,0,0,0,0,0,0,0,0,0,0,0,0,0,0
0,0,0,0,0,0,0,0,0,0,0,0,0,0,0,0,0,0
endlayer

layer
0,0,0,0,0,0,0,0,0,0,0,0,0,0,0,0,0,0
0,3,3,3,3,3,3,3,3,3,3,3,3,3,3,3,3,0
0,3,2,2,2,2,2,2,0,0,0,0,0,6,2,2,3,0
0,3,2,2,2,2,2,2,6,6,6,6,6,6,2,2,3,0
0,3,2,2,2,2,2,2,2,2,2,2,2,2,2,2,3,0
0,3,2,2,2,2,2,2,2,2,2,2,2,2,2,2,3,0
0,3,2,2,2,2,2,2,2,2,2,2,2,2,2,2,3,0
0,3,2,2,2,2,2,2,2,2,2,2,2,2,2,2,3,0
0,3,2,2,2,2,2,2,2,2,2,2,2,2,2,2,3,0
0,3,2,2,2,2,2,2,2,2,2,2,2,2,2,2,3,0
0,3,2,2,2,2,2,2,2,2,2,2,2,2,2,2,3,0
0,3,2,2,2,2,2,2,2,2,2,2,2,2,2,2,3,0
0,3,2,2,2,2,2,2,2,2,2,2,2,2,2,2,3,0
0,3,3,3,3,3,3,3,3,3,3,3,3,3,3,3,3,0
0,0,0,0,0,0,0,0,0,0,0,0,0,0,0,0,0,0
0,0,0,0,0,0,0,0,0,0,0,0,0,0,0,0,0,0
0,0,0,0,0,0,0,0,0,0,0,0,0,0,0,0,0,0
0,0,0,0,0,0,0,0,0,0,0,0,0,0,0,0,0,0
endlayer

layer
0,0,0,0,0,0,0,0,0,0,0,0,0,0,0,0,0,0
0,3,3,3,3,3,3,3,3,3,3,3,3,3,3,3,3,0
0,3,0,0,0,0,0,0,0,0,0,0,0,15,0,0,3,0
0,3,0,0,0,0,0,0,15,15,15,15,15,15,0,0,3,0
0,2,0,0,0,0,0,0,0,0,0,0,0,0,0,0,2,0
0,2,0,0,0,0,0,0,0,0,0,0,0,0,0,0,2,0
0,3,0,0,0,0,0,0,0,0,0,0,0,0,0,0,3,0
0,3,0,0,0,0,0,0,0,0,0,0,0,0,0,0,3,0
0,3,0,0,0,0,0,0,0,0,0,0,0,0,0,0,3,0
0,2,0,0,0,0,0,0,0,0,0,0,0,0,0,0,2,0
0,2,0,0,0,0,0,0,0,0,0,0,0,0,0,0,2,0
0,3,0,0,0,0,0,0,0,0,0,0,0,0,0,0,3,0
0,3,0,0,0,0,0,0,0,0,0,0,0,0,0,0,3,0
0,3,3,3,2,2,3,3,3,3,3,3,2,2,3,3,3,0
0,0,0,0,0,0,0,0,0,0,0,0,0,0,0,0,0,0
0,0,0,0,0,0,0,0,0,0,0,0,0,0,0,0,0,0
0,0,0,0,0,0,0,0,0,0,0,0,0,0,0,0,0,0
0,0,0,0,0,0,0,0,0,0,0,0,0,0,0,0,0,0
endlayer

layer
0,0,0,0,0,0,0,0,0,0,0,0,0,0,0,0,0,0
0,3,3,3,3,3,3,3,3,3,3,3,3,3,3,3,3,0
0,3,0,0,0,0,0,0,0,0,0,0,0,0,0,0,3,0
0,3,0,0,0,0,0,0,0,0,0,0,0,0,0,0,3,0
0,4,0,0,0,0,0,0,0,0,0,0,0,0,0,0,4,0
0,4,0,0,0,0,0,0,0,0,0,0,0,0,0,0,4,0
0,3,0,0,0,0,0,0,0,0,0,0,0,0,0,0,3,0
0,3,0,0,0,0,0,0,0,0,0,0,0,0,0,0,3,0
0,3,0,0,0,0,0,0,0,0,0,0,0,0,0,0,3,0
0,4,0,0,0,0,0,0,0,0,0,0,0,0,0,0,4,0
0,4,0,0,0,0,0,0,0,0,0,0,0,0,0,0,4,0
0,3,0,0,0,0,0,0,0,0,0,0,0,0,0,0,3,0
0,3,0,0,0,0,0,0,0,0,0,0,0,0,0,0,3,0
0,3,3,3,4,4,3,3,3,3,3,3,4,4,3,3,3,0
0,0,0,0,0,0,0,0,0,0,0,0,0,0,0,0,0,0
0,0,0,0,0,0,0,0,0,0,0,0,0,0,0,0,0,0
0,0,0,0,0,0,0,0,0,0,0,0,0,0,0,0,0,0
0,0,0,0,0,0,0,0,0,0,0,0,0,0,0,0,0,0
endlayer

layer
0,0,0,0,0,0,0,0,0,0,0,0,0,0,0,0,0,0
0,3,3,3,3,3,3,3,3,3,3,3,3,3,3,3,3,0
0,3,0,0,0,0,0,0,0,0,0,0,0,0,0,0,3,0
0,3,0,0,0,0,0,0,0,0,0,0,0,0,0,0,3,0
0,3,0,0,0,0,0,0,0,0,0,0,0,0,0,0,3,0
0,3,0,0,0,0,0,0,0,0,0,0,0,0,0,0,3,0
0,3,0,0,0,0,0,0,0,0,0,0,0,0,0,0,3,0
0,3,0,0,0,0,0,0,0,0,0,0,0,0,0,0,3,0
0,3,0,0,0,0,0,0,0,0,0,0,0,0,0,0,3,0
0,3,0,0,0,0,0,0,0,0,0,0,0,0,0,0,3,0
0,3,0,0,0,0,0,0,0,0,0,0,0,0,0,0,3,0
0,3,0,0,0,0,0,0,0,0,0,0,0,0,0,0,3,0
0,3,0,0,0,0,0,0,0,0,0,0,0,0,0,0,3,0
0,3,3,3,3,3,3,3,3,3,3,3,3,3,3,3,3,0
0,0,0,0,0,0,0,0,0,0,0,0,0,0,0,0,0,0
0,0,0,0,0,0,0,0,0,0,0,0,0,0,0,0,0,0
0,0,0,0,0,0,0,0,0,0,0,0,0,0,0,0,0,0
0,0,0,0,0,0,0,0,0,0,0,0,0,0,0,0,0,0
endlayer

layer
0,0,0,0,0,0,0,0,0,0,0,0,0,0,0,0,0,0
0,3,3,3,3,3,3,3,3,3,3,3,3,3,3,3,3,0
0,3,2,2,2,2,2,2,2,2,2,2,2,2,2,2,3,0
0,3,2,2,2,2,2,2,2,2,2,2,2,2,2,2,3,0
0,3,2,2,2,2,2,2,2,2,2,2,2,2,2,2,3,0
0,3,2,2,2,2,2,2,2,2,2,2,2,2,2,2,3,0
0,3,2,2,2,2,2,2,2,2,2,2,2,2,2,2,3,0
0,3,2,2,2,2,2,2,2,2,2,2,2,2,2,2,3,0
0,3,2,2,2,2,2,2,2,2,2,2,2,2,2,2,3,0
0,3,2,2,2,2,2,2,2,2,2,2,2,2,2,2,3,0
0,3,2,2,2,2,2,2,2,2,2,2,2,2,2,2,3,0
0,3,2,2,2,2,2,2,2,2,2,2,2,2,2,2,3,0
0,3,2,2,2,2,2,2,2,2,2,2,2,2,2,2,3,0
0,3,3,3,3,3,3,3,3,3,3,3,3,3,3,3,3,0
0,0,0,0,0,0,0,0,0,0,0,0,0,0,0,0,0,0
0,0,0,0,0,0,0,0,0,0,0,0,0,0,0,0,0,0
0,0,0,0,0,0,0,0,0,0,0,0,0,0,0,0,0,0
0,0,0,0,0,0,0,0,0,0,0,0,0,0,0,0,0,0
endlayer
